0.698953	0.371364
0.673327	0.439618
0.676798	0.425661
0.656631	0.487608
0.694823	0.40724
0.698294	0.393282
0.647079	0.499984
0.669578	0.450039
0.668575	0.467606
0.691074	0.417661
0.485706	0.701956
0.541196	0.677477
0.590807	0.602172
0.562692	0.645099
0.612303	0.569794
0.575576	0.630613
0.625187	0.555308
0.597072	0.598235
0.646683	0.52293
0.648184	0.4968
0.49765		0.681954
0.553141	0.657475
0.587058	0.612593
0.608554	0.580215
0.58752		0.610612
0.621437	0.56573
0.609016	0.578234
0.651092	0.490202
0.642933	0.533351